927
517
228
427
708
666
460
292
331
698
124
366
608
610
256
349
501
108
242
853
601
695
977
246
648
997
589
796
540
409
320
255
248
279
800
953
911
931
443
384
850
27
359
550
474
45
448
404
217
323
438
212
720
839
901
504
886
812
424
28
48
852
452
729
252
461
697
728
766
529
559
918
612
746
174
391
834
939
396
587
580
908
18
689
444
402
583
211
439
681
330
700
597
322
50
151
484
472
91
650
351
496
533
726
683
65
157
247
270
539
271
275
859
338
690
915
435
335
90
318
668
749
432
243
802
745
860
759
564
120
462
468
362
178
5
814
980
313
743
312
546
490
999
926
508
783
772
914
869
968
949
544
509
348
686
164
231
192
149
233
632
619
699
72
566
754
620
889
494
781
554
795
844
361
69
132
825
180
464
912
295
206
534
176
420
515
463
858
258
142
431
938
54
24
674
489
894
