53
869
394
920
64
426
491
75
576
565
510
113
963
748
793
455
481
354
588
368
391
71
859
908
755
452
405
606
998
771
148
26
366
300
917
289
126
835
458
369
233
388
166
839
286
986
494
186
69
346
807
145
685
930
564
307
822
540
780
376
443
303
674
209
454
682
821
143
120
903
249
520
315
122
787
469
56
907
858
815
766
881
534
635
370
856
170
632
811
799
248
580
929
961
222
618
800
265
672
58
781
159
623
519
135
372
792
596
6
202
217
266
816
406
14
896
3
136
65
773
645
975
395
940
743
251
744
872
381
188
236
32
794
273
109
163
990
925
616
818
526
353
804
525
880
923
500
779
683
340
393
155
428
554
482
285
361
50
832
754
785
85
350
506
184
958
729
42
304
362
698
100
642
789
518
508
842
411
630
654
459
545
214
593
742
140
620
153
181
724
156
498
854
989
105
567
220
252
919
466
663
99
201
365
311
655
966
834
786
436
598
725
600
705
168
838
809
583
688
18
697
874
271
332
757
735
960
25
574
101
487
49
805
934
489
442
496
279
125
318
478
164
250
258
820
20
529
964
245
946
918
43
483
819
480
104
68
333
367
263
604
599
927
477
413
190
885
594
412
951
178
238
829
887
297
837
299
733
871
329
66
769
216
11
363
547
941
355
777
149
543
312
193
667
255
119
584
364
676
778
615
399
726
813
730
739
700
199
431
750
448
693
614
296
570
475
17
205
751
852
133
152
760
397
382
791
9
504
943
23
470
310
692
640
734
605
398
527
784
717
447
409
641
942
767
827
330
229
718
36
485
675
134
158
568
938
935
763
810
305
551
88
646
61
855
772
948
240
495
63
260
247
949
1
878
555
421
782
349
524
203
562
573
268
619
900
613
204
983
55
867
194
157
997
29
514
981
572
883
243
617
160
944
886
914
301
38
702
445
499
41
13
850
295
741
490
192
926
939
348
653
70
830
231
866
625
335
256
93
611
947
670
410
988
328
384
493
533
270
721
390
219
589
857
776
894
106
559
708
774
592
403
52
19
505
419
28
765
314
817
728
461
696
183
603
235
211
608
438
783
631
861
669
432
274
429
732
385
86
590
175
171
905
81
537
54
40
91
577
790
347
137
759
581
262
679
290
530
704
877
689
636
582
913
486
124
610
275
638
351
747
953
67
511
453
639
44
928
488
8
128
292
501
587
650
544
37
659
471
678
47
226
737
516
849
336
694
761
39
317
392
731
993
420
768
302
472
371
308
373
972
884
479
597
687
553
118
356
532
208
962
141
242
549
161
451
112
987
891
745
408
865
162
569
695
127
380
396
691
213
57
845
846
740
142
912
541
404
828
378
546
294
709
173
517
671
995
72
833
531
342
215
74
595
753
425
177
797
826
624
79
591
51
210
284
703
888
375
984
323
306
764
230
22
558
62
957
90
84
386
7
21
165
660
756
146
98
895
931
359
978
337
325
424
244
154
139
76
288
185
45
969
609
94
473
389
647
440
237
114
955
626
179
910
795
901
571
716
339
457
239
272
198
34
221
585
345
383
890
322
331
977
621
103
476
12
343
627
876
446
102
749
280
911
666
860
450
823
116
77
954
30
535
548
879
875
579
681
24
225
206
497
467
277
649
357
253
151
316
806
321
224
921
197
212
706
287
232
746
775
415
973
711
658
4
952
195
176
462
557
278
309
634
269
713
31
863
502
719
107
607
169
218
182
644
788
862
358
643
586
578
254
352
89
46
707
92
341
893
868
904
897
824
710
563
656
836
15
847
945
417
433
873
414
87
261
228
283
758
313
291
474
187
293
712
637
189
701
227
690
60
561
78
435
402
172
814
906
95
965
319
522
956
968
602
83
97
536
430
853
515
575
556
276
374
648
936
699
416
96
723
980
560
35
400
992
601
831
727
720
971
59
437
449
80
668
909
967
444
108
338
566
851
320
196
976
736
464
167
509
401
418
843
223
848
503
933
207
360
73
538
132
523
629
539
246
33
982
628
542
492
298
267
892
991
950
922
801
652
110
994
324
441
10
344
150
889
633
722
974
407
985
714
334
174
665
377
680
902
129
686
327
468
82
484
130
513
379
439
147
465
899
825
932
844
234
27
111
282
138
924
802
200
752
434
121
507
422
738
528
812
915
117
677
864
996
5
456
798
423
115
979
841
191
180
715
808
281
257
937
673
550
264
970
16
662
144
898
48
840
521
661
762
770
796
463
259
512
326
622
882
684
959
870
2
123
664
241
657
612
387
131
552
651
803
427
460
916
999
