12076
6703
20031
25154
14159
31253
14176
12988
32114
1940
12739
8448
17877
32078
11626
15289
7556
31577
12128
6463
18034
6147
7147
6212
17325
14909
21517
19829
3450
29916
14675
19653
16046
14357
13611
30158
31211
25289
13665
8662
3168
9574
5663
9514
12937
32620
12161
24077
24139
17199
26105
2166
22128
5747
3419
7671
26163
24405
8247
19211
5144
21398
15346
15358
20324
32094
17717
27448
18025
18525
28472
30496
9901
19393
4661
254
30298
25440
29125
29140
21657
15524
3026
13934
16010
8991
28198
19581
143
21567
17110
3149
21974
32236
23204
5843
17813
29121
30487
22063
24604
5730
16878
17595
11018
25361
15148
29994
25320
7868
9396
16821
29843
14996
6080
24297
20815
25764
28059
11415
14549
25346
29080
24632
19843
4045
6171
22126
10109
14837
11999
28679
10306
14954
24131
12631
2160
4731
8014
32283
30599
6404
6982
27455
12286
6127
9160
19285
5746
14730
19624
1859
31028
4905
16060
32145
23626
13675
21259
12613
30506
16422
7331
15353
2616
15436
27234
9767
31741
16654
13818
27456
2795
31171
9352
1654
23859
27596
16692
28018
30362
22315
9476
25204
20602
9365
32347
18467
15156
6934
5847
8865
11775
746
3872
16569
20124
4747
14125
15882
14251
3709
24082
14128
24549
28305
16695
12389
3307
25099
26719
96
20286
16300
26644
13082
7960
13121
7876
30921
10946
1022
15850
28633
24086
16857
13054
5823
6952
2973
6221
14130
25487
28682
23494
25065
22903
18737
29141
6313
17882
6054
16094
9601
602
6976
23037
14420
16306
26339
26302
31100
30038
1704
19614
14621
30362
11140
4438
14
18785
11637
6021
14853
29357
27291
4306
557
7625
7042
17522
24723
11112
26117
31441
32684
19133
29799
18143
229
6148
19761
236
23989
20329
11337
10869
1369
18118
10514
13256
13856
14805
9074
12589
16923
19840
18698
29731
25522
32587
20905
29261
26213
14579
30664
8311
3990
5995
4621
27089
23451
21239
3843
26990
23659
8960
6956
12860
10545
6582
10582
6130
12934
17679
4368
31637
4434
25236
12495
8588
3745
10040
10339
18862
23983
19645
24013
373
31805
12805
11775
29109
27037
7491
27508
10971
19270
14626
8341
16978
14737
13090
8309
6653
22902
3967
31798
3412
19378
14933
17590
24849
26378
4470
2153
20903
23320
11622
20381
27074
27330
6660
7259
20375
4846
7709
15109
29186
2731
12225
23619
24098
14197
11465
1937
2909
14306
7692
26741
3878
22572
32070
16304
6528
29594
23094
18676
12492
21571
12804
21751
23937
29928
20167
7103
25397
19396
23015
4753
18231
15388
10100
28520
22146
13206
2483
29858
30908
9576
32294
10021
6785
22407
14870
22139
29382
16906
20144
16748
29967
29192
12349
7753
10095
11225
2454
31904
13814
20244
20624
20772
17820
14269
11691
21261
9054
5383
21565
8624
30392
32717
17156
25242
13225
31020
23277
10176
31918
19880
28091
14074
8758
16306
6582
12201
19173
17404
32696
16151
8350
4194
14520
25544
32058
5338
12516
6546
27176
7707
19558
22901
19990
15519
11987
31074
15875
1136
2432
22644
27400
5323
20865
15023
4402
9999
5102
3910
27738
32746
8642
26794
10601
340
27484
3057
19605
31461
2353
3357
16511
7263
16737
7864
29210
23448
4059
9553
3561
6151
12950
27699
26044
29953
23451
26075
25836
25704
13266
23946
18467
19886
1032
1697
22815
21389
2231
23428
4219
6503
24617
31994
18396
3206
22677
22099
5312
2822
27321
15103
2708
12362
7481
23680
3695
20607
3865
27185
31874
3377
24817
12357
13104
16127
12181
10021
5551
28034
7753
3600
24690
3384
9277
16154
26854
2731
11415
10632
17491
529
28539
19202
17101
19065
547
1832
616
12188
25891
10448
12038
3602
7046
8489
18173
18694
31786
27380
24322
19493
13776
5757
11466
16903
31995
25728
25008
14687
15783
32028
4235
27503
6657
5468
8099
18111
27418
13501
1492
19205
31397
4378
6364
20015
12998
10614
10617
7011
15899
2648
24552
16804
21397
5737
4665
11654
24082
11489
3074
30456
17727
21969
25950
20637
20270
11915
22757
28756
16359
30633
15117
7429
3134
4762
3671
9854
19996
17225
5147
11659
9058
8986
19271
22283
23259
12512
27046
25023
30702
28219
7918
18125
1012
23238
10663
13730
25916
519
19444
10313
30086
21706
15964
21329
9228
16083
26441
1778
8551
16696
28190
4720
19984
8193
25966
22759
30023
21899
27879
22028
31569
15828
23548
10544
26297
10243
12693
665
24663
17978
16010
9141
30857
12527
25341
28173
27270
21766
15903
1686
14358
29837
30199
27342
6215
60
5085
15349
859
7161
16574
13787
29854
1824
278
3078
2195
13263
3515
7644
2727
6209
9283
19127
21971
22687
25862
16375
4718
16372
22742
29106
31549
5054
25396
7952
31461
431
24671
8664
15516
18069
548
15735
11140
16859
16615
9654
7854
20769
28365
10280
30473
4445
4215
20375
2269
571
3814
17680
23170
12954
27142
25797
4777
26768
3153
29996
18774
23458
13753
18744
9674
19547
13220
9865
10949
8699
5791
20761
32398
23025
7625
17599
9430
8113
22013
5254
13580
19303
1637
4782
6119
28509
31541
9553
5510
15738
23883
6894
7455
11372
3723
4293
13213
21180
28512
24148
13347
8231
5884
6034
13702
4452
28730
16891
25221
20013
6777
16464
29205
5759
11447
16278
16686
1018
17731
28817
30737
31627
7943
10422
8781
2600
949
10076
23827
17616
26490
20361
32326
22506
29514
13955
31032
8945
9746
14355
4124
18696
20288
14686
29231
18945
19736
14144
6008
28724
4620
9151
1376
10574
30032
11590
6023
21092
21690
21193
11725
12486
23133
21430
5875
1918
6353
2605
21964
32625
31697
12144
13873
5150
2426
24252
21125
30517
2070
3420
25955
5887
29264
2910
27026
16680
27527
5403
30927
11611
29837
29137
160
15480
8945
14198
17677
5486
11825
28183
30237
14597
20744
4916
29368
20608
12666
6767
11383
31968
10779
1847
31822
4235
27014
31654
31481
7386
31696
20470
18245
13563
4258
22765
21124
3570
15303
11926
6953
19551
10441
25613
24803
2641
3756
30052
7527
284
5796
9862
22861
3558
12146
8747
31381
32561
11291
31503
14654
25137
17625
24746
1751
21774
12532
13914
28311
6632
29499
25565
3386
12008
15721
23941
8822
3946
17395
20898
6086
26104
16890
