20746
6449
3358
23773
19977
19812
7464
14519
13605
12950
19578
4970
17495
16141
12132
21600
5851
12075
17611
7399
3248
13244
3991
7269
16918
26315
19622
22385
25454
24391
18790
25665
9287
28404
1071
16951
14167
21990
7406
21371
23542
11783
31478
12562
6824
6421
24920
27358
7648
4836
17837
30050
3965
28394
32416
28070
17690
18469
3022
16582
18225
3631
17231
4266
15859
17478
29128
3848
28206
14971
5121
3466
2990
28171
19661
19423
10961
6250
4844
24632
6063
7555
4335
26072
29709
6817
25163
12051
4106
1787
20934
11642
23479
28538
17387
13603
18929
29395
3556
780
18397
14933
9322
20071
23178
21239
27255
27069
3348
21299
16794
31939
6426
14120
10402
9928
10633
30223
3447
862
19042
32726
22311
24566
17900
14881
23514
32337
32603
23678
26133
6701
16577
19933
2868
7379
31834
12332
12002
2089
30578
2509
1006
8644
24087
22413
30427
24266
23525
6799
19396
26503
31278
30078
13786
6226
19187
22468
7034
8918
8238
26462
19832
6384
27580
5634
29071
30408
23315
30627
10598
31683
18353
29321
2127
588
19782
23625
25673
9793
1279
5443
30472
19316
17305
2554
669
18688
22966
22512
23116
25612
28400
31043
13277
4910
26283
30420
6421
23839
17519
3689
12973
15178
7309
28672
4280
14228
1991
15142
24348
13247
26843
8810
31267
9907
22611
25245
28187
19759
1875
29924
19579
13403
20575
18062
8035
18963
25414
7947
9444
5600
24125
11009
1688
6336
9236
22122
21983
24446
29519
27340
13534
4574
1867
256
23431
10840
12369
18634
24098
4163
18560
20278
26030
3284
29128
9975
14093
20435
25120
14675
8034
26301
11697
21731
2703
14381
17183
11298
4828
15810
6541
7392
27001
12824
22800
17209
26613
9683
22844
4210
18742
135
10111
1828
23663
12190
25621
9447
17568
6161
4207
32130
3613
17116
4520
27266
6916
23908
30696
13270
24070
26737
28031
20211
20624
8162
19490
22784
12466
6499
23082
4473
14831
11301
21625
1765
18070
14873
26657
2333
3371
2187
25792
8549
29841
25216
29698
27035
30988
8898
3470
7073
9553
695
29013
4053
26939
9920
15648
3311
12331
1893
7824
7805
15215
30950
18007
12368
28621
3347
31152
7095
12201
14119
2619
21537
23769
23771
24595
16084
31627
5571
24646
18320
25960
8025
7969
28232
21240
14435
3222
19509
12273
7005
1905
13778
29042
11484
19196
28937
5459
8249
3743
30606
4560
730
17368
12531
18909
20043
17759
25435
30606
11488
25516
23561
24020
11452
7602
17903
21766
15893
31083
27994
25924
30271
12590
19825
14958
3512
15300
22584
23955
318
15144
25106
6808
11382
4652
2699
20244
25745
2490
19662
2314
29501
22810
28385
32324
20120
23848
30574
31290
10492
15119
26613
9202
2090
12075
19758
2148
24906
27759
27879
22651
7625
7271
20658
4194
10016
24247
30225
3842
23064
30400
28897
30914
7796
2417
5443
8291
28311
5984
17410
8201
28260
27648
8490
3243
23214
32210
440
4835
12789
28140
17742
8388
17424
2718
18372
15381
16419
30992
2779
14364
20806
21212
6508
14565
21482
19465
2967
26251
25554
11747
8650
2562
16289
1757
6211
3402
1064
7118
11146
29050
8848
18076
19887
18801
17792
30807
17578
3063
5651
26805
19394
18612
22627
24213
3654
6771
11739
4526
21127
8565
5581
20355
9659
9402
23269
8434
5214
18426
7395
14764
701
29672
7889
11793
26285
877
8567
13870
5353
30435
28829
2654
17312
25131
13408
6022
3596
25772
28495
20900
5961
24334
12427
30215
28324
3014
1207
9728
31404
24378
32689
16302
27736
7502
30892
9393
25292
30023
17648
32157
20341
10229
32189
15222
18748
5108
746
20666
5748
19627
1795
22044
27038
10581
7838
15914
26112
13364
23172
13782
10015
31760
2655
3444
27488
334
25599
32428
20991
31579
19980
31734
24237
23440
28504
11419
32354
1717
4644
10672
2782
31595
20864
23848
141
11252
19511
18138
19409
15280
10189
2425
7803
18841
25542
3092
4206
13146
29293
2712
3385
6703
17640
6713
9740
26517
5185
22648
17665
18877
12921
22875
271
6259
16859
15446
21002
10478
13625
24901
5505
23056
3990
21656
26490
9923
25163
21526
10323
30002
9915
18742
1294
4012
29591
24184
17874
29993
788
11875
31666
26531
5798
29855
4838
15500
19189
16887
21861
24509
6899
32609
22529
14472
31758
2071
20177
12016
18368
13172
11385
16000
19900
3675
5155
9650
20190
27087
8044
9887
17769
5385
5786
28820
4300
19194
30688
19395
2531
19376
15270
18294
10002
19483
7773
463
23590
25155
10956
22258
17697
8133
29460
22652
29834
4302
17699
10227
28931
5492
30078
11959
3762
21405
8589
25588
13333
3459
18851
9753
14505
25325
27843
2951
20849
27880
11485
1809
4096
3506
23288
29321
14717
24055
9548
22628
15016
28873
21214
11486
10082
13189
5869
10004
14193
27968
11350
25831
3713
23474
9000
16389
15126
18658
701
25481
29926
25196
15040
19992
15347
23404
16839
7391
32699
21530
8677
25991
16413
20338
26496
6736
2662
20516
32105
714
16813
1434
17435
23756
675
19352
30230
10305
17802
28021
17382
24478
12210
23221
13067
22317
2963
7876
3917
9120
28794
1226
32745
9015
31166
25450
25267
2701
25198
9317
26084
2359
6726
31134
11390
1338
21525
25821
29421
10779
5071
14031
31880
27017
20653
12023
27077
7443
27036
3212
21450
31572
27547
19851
2024
19951
7385
10703
3276
11320
17718
3827
128
28492
27933
12684
25877
24090
15125
7796
4358
12485
5338
356
3262
5785
6221
5009
13119
4770
22141
20077
2188
19203
20916
3341
25395
25753
5859
8523
25619
22381
21846
6016
1458
27130
8019
6088
3227
13325
30536
14613
10269
6784
32659
6554
29553
8707
8751
21282
4909
5407
24655
30236
19883
9225
27355
31594
28680
16240
28615
2015
30852
15781
9578
31652
26494
8497
20857
30154
11279
10870
15455
5291
2370
29842
21476
13287
9184
20867
4247
21571
3339
20680
7301
29652
31353
17119
19934
20499
10374
2681
3744
19040
9466
6668
11370
32090
15260
3913
1315
31626
17648
4976
18549
14449
1685
13012
8352
5373
4168
4613
8659
11214
3234
25281
106
27715
17600
11658
30914
16383
7274
11256
25452
32002
12258
22255
32727
2119
7579
22140
6486
2954
17248
521
